# Blender v2.82 (sub 7) OBJ File: 'ubc_buildings - Copy (2).blend'
# www.blender.org
mtllib Orchard_Commons.mtl
o Orchard_Commons_1_Mesh.001
v 0.304888 0.022718 0.124264
v 0.306422 0.022718 0.160108
v 0.306422 0.053938 0.160108
v 0.304888 0.053938 0.124264
v 0.320741 0.053938 0.159495
v 0.319206 0.053938 0.123651
v 0.320741 0.022718 0.159495
v 0.319206 0.022718 0.123651
vt 0.721859 0.195546
vt 0.987414 0.196318
vt 0.986742 0.427402
vt 0.721188 0.426630
vt 0.986434 0.533483
vt 0.720879 0.532711
vt 0.985762 0.764566
vt 0.720207 0.763794
vt 0.489796 0.532039
vt 0.490104 0.425958
vn -0.9991 0.0000 0.0428
vn 0.0000 1.0000 0.0000
vn 0.9991 -0.0000 -0.0428
vn -0.0428 0.0000 -0.9991
usemtl lambert1.011
s 1
f 1/1/1 2/2/1 3/3/1 4/4/1
f 4/4/2 3/3/2 5/5/2 6/6/2
f 6/6/3 5/5/3 7/7/3 8/8/3
f 8/9/4 1/10/4 4/4/4 6/6/4
o Orchard_Commons_2_Mesh.001
v 0.355252 0.022718 0.140962
v 0.355545 0.022718 0.147824
v 0.355545 0.080135 0.147824
v 0.355252 0.080135 0.140962
v 0.372706 0.080135 0.147090
v 0.372412 0.080135 0.140228
v 0.372706 0.022718 0.147090
v 0.372412 0.022718 0.140228
vt 0.217183 0.157037
vt 0.274703 0.157461
vt 0.271160 0.638320
vt 0.213639 0.637896
vt 0.213215 0.695417
vt 0.069369 0.694357
vt 0.069793 0.636836
vt 0.012272 0.636412
vt 0.015816 0.155553
vt 0.073336 0.155977
vn -0.9991 0.0000 0.0427
vn 0.0000 1.0000 0.0000
vn 0.9991 0.0000 -0.0428
vn -0.0427 0.0000 -0.9991
usemtl lambert1.011
s 1
f 9/11/5 10/12/5 11/13/5 12/14/5
f 12/14/6 11/15/6 13/16/6 14/17/6
f 14/17/7 13/18/7 15/19/7 16/20/7
f 16/20/8 9/11/8 12/14/8 14/17/8
o Orchard_Commons_3_Mesh.001
v 0.319969 0.022718 0.148842
v 0.320432 0.022718 0.159672
v 0.320432 0.070079 0.159672
v 0.319968 0.070079 0.148842
v 0.356816 0.070079 0.158115
v 0.356352 0.070079 0.147285
v 0.384772 0.070079 0.146069
v 0.385236 0.070079 0.156899
v 0.385236 0.022718 0.156899
v 0.384772 0.022718 0.146069
v 0.356097 0.022718 0.141311
v 0.319713 0.022718 0.142868
v 0.319713 0.070079 0.142868
v 0.356097 0.070079 0.141311
v 0.356352 0.022718 0.147285
vt 0.993463 0.905525
vt 0.993345 0.972105
vt 0.702449 0.971591
vt 0.702567 0.905011
vt 0.478774 0.971196
vt 0.478892 0.904616
vt 0.304176 0.904308
vt 0.304058 0.970888
vt 0.013162 0.970374
vt 0.013280 0.903794
vt 0.479470 0.576993
vt 0.703145 0.577388
vt 0.702632 0.868284
vt 0.478957 0.867889
vt 0.013588 0.729078
vt 0.304484 0.729591
vt 0.993528 0.868798
vn -0.9991 -0.0000 0.0427
vn -0.9991 -0.0000 0.0428
vn 0.0000 1.0000 -0.0000
vn 0.9991 0.0000 -0.0428
vn -0.0428 0.0000 -0.9991
vn -0.0427 0.0000 -0.9991
usemtl lambert1.011
s 1
f 17/21/9 18/22/10 19/23/10 20/24/9
f 20/24/11 19/23/11 21/25/11 22/26/11
f 23/27/12 24/28/12 25/29/12 26/30/12
f 27/31/13 28/32/13 29/33/13 30/34/13
f 22/26/11 21/25/11 24/28/11 23/27/11
f 26/30/14 31/35/14 22/36/14 23/27/14
f 17/21/9 20/24/9 29/33/9 28/37/9
f 20/24/11 22/26/11 30/34/11 29/33/11
o Orchard_Commons_4_Mesh.001
v 0.364443 0.022718 0.105164
v 0.366274 0.022718 0.147950
v 0.366274 0.031832 0.147950
v 0.364443 0.031832 0.105164
v 0.384819 0.031832 0.147156
v 0.382987 0.031832 0.104370
v 0.384819 0.022718 0.147156
v 0.382987 0.022718 0.104370
vt 0.363462 0.045999
vt 0.710072 0.047506
vt 0.709751 0.121273
vt 0.363141 0.119766
vt 0.709098 0.271503
vt 0.362489 0.269996
vt 0.708778 0.345270
vt 0.362168 0.343763
vt 0.288721 0.269676
vt 0.289374 0.119445
vn -0.9991 -0.0000 0.0428
vn 0.0000 1.0000 0.0000
vn 0.9991 0.0000 -0.0428
vn -0.0428 0.0000 -0.9991
usemtl lambert1.011
s 1
f 32/38/15 33/39/15 34/40/15 35/41/15
f 35/41/16 34/40/16 36/42/16 37/43/16
f 37/43/17 36/42/17 38/44/17 39/45/17
f 39/46/18 32/47/18 35/41/18 37/43/18
